1	1
1	2
2	1
3	1
4	10
5	3
6	3
7	4
7	5
8	4
9	5
10	5
11	6
12	7
13	7
14	8
15	9
16	9
17	11
18	11
18	13

Толстой Л.Н.
Шевченко Т.Г.
Дж.Р. Киплинг 
С.Э. Кинг
Рэй Брэдбэри
Э.М.Ремарк
Гоголь Н.В.
Достоевкий Ф.М.
Булгаков М.А.
Пушкин А.С.
Чуковский К.И.
Э.М. Хемингуей 
Дж.К. Роулинг
Дж.Мартин
Леся Украинка


3	2	1
4	3	1
5	4	10
6	5	3
7	6	3
10	8	4
11	9	5
12	10	5
13	11	6
14	12	7
15	13	7
16	14	8
17	15	9
18	16	9
19	17	11
20	18	11
22	2	14
23	3	14
24	4	14
25	5	14
26	6	14
27	8	14
28	9	14
29	10	14
30	11	14
31	12	14
32	13	14
33	14	14
34	15	14
35	16	14
36	17	14
37	18	14
38	76	14
39	77	14
40	78	14

2	1	Война и Мир. Том I	1865
3	1	Война и Мир. Том II	1867
4	2	Полное собрание стихотворений в одном томе	2011
5	2	Простые рассказы с гор	1888
6	3	Книга джунглей	1895
8	4	Тёмная башня V: Волки Кальи	2003
9	6	Вино из одуванчиков	1957
10	1	Марсианские хроники	1950
11	1	Три товарища	1936
12	7	Вий	1835
13	7	Ночь перед Рождеством	1835
14	1	Преступление и наказание	1866
15	1	Мастер и Маргарита	1967
16	7	Собачье сердце	1987
17	9	Мойдодыр	1923
18	10	Гарри Поттер и узник Азкабана	1999
76	4	Success	1346
77	5	Весна и люди	1994
78	1	Story of life	1988